recorded_pos = [-0.401392, -1.32664, 1.72719, 1.27261, 0.390533, -0.0282284, -0.140658;...
-0.401465, -1.29832, 1.68117, 1.21704, 0.44865, 0.0294145, -0.15124;...
-0.414686, -1.2738, 1.64035, 1.16744, 0.458692, 0.0416705, -0.152473;...
-0.430318, -1.24445, 1.59141, 1.09569, 0.519735, 0.102713, -0.181756;...
-0.42305, -1.24437, 1.59136, 1.20298, 0.547805, 0.0553498, -0.195626;...
-0.414029, -1.23815, 1.58092, 1.30474, 0.533572, 0.0398519, -0.191208;...
-0.418667, -1.22968, 1.56668, 1.38143, 0.532544, 0.0408798, -0.216175;...
-0.408769, -1.25344, 1.60641, 1.42797, 0.531121, 0.0392984, -0.234567;...
-0.406395, -1.27671, 1.6455, 1.45166, 0.531754, 0.0400891, -0.248745;...
-0.392736, -1.29973, 1.68418, 1.49299, 0.530488, 0.0464148, -0.245457;...
-0.385102, -1.30323, 1.69007, 1.41101, 0.550652, 0.08002, -0.235594;...
-0.389375, -1.3114, 1.70379, 1.32093, 0.553498, 0.0838154, -0.237135];

actual_pos = [-0.398287, -1.32579, 1.7266, 1.27329, 0.397728, -0.0260935, -0.158844;...
-0.398506, -1.29932, 1.68231, 1.21764, 0.449124, 0.0249865, -0.159871;...
-0.411947, -1.27483, 1.64117, 1.16864, 0.459641, 0.0361355, -0.159974;...
-0.427506, -1.24592, 1.59268, 1.09705, 0.520763, 0.0972575, -0.173536;...
-0.424146, -1.2457, 1.59232, 1.20162, 0.547014, 0.0643639, -0.186893;...
-0.415526, -1.23954, 1.58196, 1.30312, 0.532703, 0.0487869, -0.186893;...
-0.416585, -1.23101, 1.56773, 1.38033, 0.532149, 0.0464939, -0.208264;...
-0.411107, -1.25309, 1.60473, 1.42677, 0.531358, 0.0453869, -0.226758;...
-0.408185, -1.27627, 1.64377, 1.45038, 0.531437, 0.0456241, -0.240526;...
-0.394671, -1.2993, 1.68236, 1.49154, 0.531358, 0.0469683, -0.239704;...
-0.386855, -1.30266, 1.68801, 1.41237, 0.549703, 0.0768572, -0.238574;...
-0.387294, -1.31097, 1.70197, 1.32238, 0.553024, 0.08002, -0.238574];

still_pos = [-0.388316, -1.27244, 1.63734, 1.32502, 0.543535, 0.0702152, -0.214531];
forced_pos = [-0.380646, -1.27858, 1.64737, 1.31999, 0.543298, 0.0691873, -0.218127];



